-72.69 -37.80 13.53  8.50 10.38  0.19  0.23  0.78 ANG8
-73.23 -39.82 16.55  7.09  9.66  0.06  0.07  0.23 B914
-71.30 -41.15  0.38 -0.24  2.14  0.02  0.02  0.07 BCH1
-71.47 -39.58  3.65 -1.70  2.75  0.18  0.24  0.80 CRRH
-72.00 -40.23 13.52 -0.12  6.05  0.48  0.56  1.98 CURR
-73.89 -38.41 36.68  6.97 -10.67  0.20  0.23  0.88 IMCH
-71.79 -39.33 -2.32  4.00  6.29  0.19  0.22  0.75 LLFN
-71.36 -38.46  1.10  2.23  4.19  0.07  0.09  0.29 LNQM
-73.21 -39.43 17.13 10.18  8.18  0.14  0.15  0.57 MHIN
-73.47 -41.41 15.21  3.47  8.91  0.32  0.40  1.26 MUER
-73.40 -39.87 19.18  9.46  6.11  0.28  0.28  0.28 NIE2
-73.10 -40.60 10.31  7.22  9.73  0.06  0.08  0.26 OSOR
-72.13 -40.66  6.73 -5.33  4.00  0.29  0.35  1.21 PAJA
-73.65 -37.69 39.74 12.16 -15.51  0.13  0.15  0.50 PECL
-72.35 -39.63  5.63  4.77  7.51  0.04  0.04  0.15 PGLL
-72.94 -41.47  9.14  4.09  2.18  0.09  0.11  0.36 PMO1
-72.40 -41.14  7.84  0.91  7.00  0.11  0.13  0.63 PTR2
-73.73 -40.59 23.17  9.74 -1.52  0.04  0.05  0.18 PUCA
-73.38 -38.79 14.23 11.84  1.50  0.47  0.51  1.89 SAAV
-71.23 -40.13 -0.31  1.55  2.46  0.05  0.06  0.19 SMAN
-72.61 -38.76 12.21  7.38 10.61  0.07  0.08  0.28 TMCO
